[gd_scene load_steps=18 format=3 uid="uid://bpqvmc7qt8xut"]

[ext_resource type="Script" uid="uid://bl4rvfo6g3wbf" path="res://lessons_reference/video_16/game.gd" id="1_8jqrf"]
[ext_resource type="PackedScene" uid="uid://d3kp34dihjeyd" path="res://lessons_reference/video_16/player/player.tscn" id="2_xkvjb"]
[ext_resource type="PackedScene" uid="uid://xtl5acmpaa04" path="res://lessons_reference/video_16/mob/spawner_3d.tscn" id="3_famlx"]
[ext_resource type="PackedScene" uid="uid://dfwbq2vombjvr" path="res://lessons_reference/video_16/mob/mob.tscn" id="4_fxr6r"]
[ext_resource type="Material" uid="uid://spdpie6nlr1q" path="res://lessons_reference/video_16/level/bridges.tres" id="5_agxqc"]
[ext_resource type="Material" uid="uid://cp4gi8r3s3twb" path="res://lessons_reference/video_16/level/platforms.tres" id="6_a43n5"]
[ext_resource type="PackedScene" uid="uid://jkxmmkf1jomg" path="res://asset/crate.fbx" id="7_rm35f"]
[ext_resource type="PackedScene" uid="uid://cjqxaxhuar38n" path="res://asset/campfire.fbx" id="8_bg2yq"]
[ext_resource type="PackedScene" uid="uid://p0vb4oavo5q4" path="res://asset/bucket.fbx" id="9_6e45w"]
[ext_resource type="PackedScene" uid="uid://pwmra6nwt0p8" path="res://asset/fort-gate.fbx" id="10_kkp00"]
[ext_resource type="PackedScene" uid="uid://c6u6fgh2x212w" path="res://asset/guard-tower-L1.fbx" id="11_uma06"]
[ext_resource type="PackedScene" uid="uid://txj1py3mbjve" path="res://asset/guard-tower-L2.fbx" id="12_qt5w0"]
[ext_resource type="PackedScene" uid="uid://p71kandc1gv7" path="res://asset/tent.fbx" id="13_a2j7o"]
[ext_resource type="PackedScene" uid="uid://0naqqj4qadkv" path="res://asset/fort-fence.fbx" id="14_q5el7"]
[ext_resource type="PackedScene" uid="uid://bld8t1l005r02" path="res://asset/tnt.fbx" id="15_jlurn"]

[sub_resource type="Environment" id="Environment_pev5d"]
background_mode = 1
background_color = Color(0.796671, 0.445241, 0.184402, 1)
ambient_light_source = 2
ambient_light_color = Color(0.815625, 0.702063, 0.54125, 1)
ambient_light_sky_contribution = 0.31
tonemap_mode = 2
tonemap_exposure = 1.05
tonemap_white = 0.95
ssao_intensity = 1.0
glow_normalized = true
glow_intensity = 0.2
fog_enabled = true
fog_light_color = Color(0.834542, 0.506793, 0.413318, 1)
fog_light_energy = 0.66
fog_density = 0.002
fog_height = 0.52
fog_height_density = 0.1319
volumetric_fog_density = 0.2788
volumetric_fog_albedo = Color(0.930435, 0.585285, 0.484824, 1)
volumetric_fog_emission = Color(0.341664, 0.199168, 0.0616546, 1)
volumetric_fog_emission_energy = 1.35
volumetric_fog_gi_inject = 0.73
volumetric_fog_length = 602.94
volumetric_fog_detail_spread = 1.44891

[sub_resource type="WorldBoundaryShape3D" id="WorldBoundaryShape3D_xiq5r"]

[node name="Game" type="Node3D"]
script = ExtResource("1_8jqrf")

[node name="WorldEnvironment" type="WorldEnvironment" parent="."]
environment = SubResource("Environment_pev5d")

[node name="DirectionalLight3D" type="DirectionalLight3D" parent="."]
transform = Transform3D(0.707107, -0.612373, 0.353553, 0, 0.5, 0.866026, -0.707107, -0.612373, 0.353553, 0, 5, 0)
shadow_enabled = true
directional_shadow_max_distance = 40.0

[node name="Label" type="Label" parent="."]
unique_name_in_owner = true
offset_left = 28.0
offset_top = 15.0
offset_right = 256.0
offset_bottom = 101.0
theme_override_font_sizes/font_size = 60
text = "Score: 0"

[node name="Player" parent="." instance=ExtResource("2_xkvjb")]
transform = Transform3D(-1, 0, -8.74228e-08, 0, 1, 0, 8.74228e-08, 0, -1, -7, 1.50724, -12.5)

[node name="KillPlane" type="Area3D" parent="."]
transform = Transform3D(1, 0, 0, 0, 1, 0, 0, 0, 1, -7, -2.15, -6.5)
collision_layer = 0
collision_mask = 2
monitorable = false

[node name="CollisionShape3D" type="CollisionShape3D" parent="KillPlane"]
shape = SubResource("WorldBoundaryShape3D_xiq5r")

[node name="MobSpawner3D" parent="." instance=ExtResource("3_famlx")]
transform = Transform3D(1, 0, 0, 0, 1, 0, 0, 0, 1, -9.57809, 0.199542, 10.4042)
mob_to_spawn = ExtResource("4_fxr6r")

[node name="MobSpawner3D2" parent="." instance=ExtResource("3_famlx")]
transform = Transform3D(1, 0, 0, 0, 1, 0, 0, 0, 1, 8.7262, -0.264387, 8.2611)
mob_to_spawn = ExtResource("4_fxr6r")

[node name="MobSpawner3D3" parent="." instance=ExtResource("3_famlx")]
transform = Transform3D(1, 0, 0, 0, 1, 0, 0, 0, 1, 10.491, -0.5, -8.5851)
mob_to_spawn = ExtResource("4_fxr6r")

[node name="world" type="Node3D" parent="."]

[node name="map" type="Node3D" parent="world"]

[node name="Bridge" type="CSGBox3D" parent="."]
transform = Transform3D(1, 0, 0, 0, 1, 0, 0, 0, 1, 3.5, 0, -6.5)
use_collision = true
size = Vector3(5, 1, 3)
material = ExtResource("5_agxqc")

[node name="Bridge2" type="CSGBox3D" parent="."]
transform = Transform3D(1, 0, 0, 0, 1, 0, 0, 0, 1, 3.5, 0, 7.5)
use_collision = true
size = Vector3(5, 1, 3)
material = ExtResource("5_agxqc")

[node name="Bridge3" type="CSGBox3D" parent="."]
transform = Transform3D(1, 0, 0, 0, 1, 0, 0, 0, 1, 8.5, 0, -1.5)
use_collision = true
size = Vector3(2, 1, 3)
material = ExtResource("5_agxqc")

[node name="Bridge4" type="CSGBox3D" parent="."]
transform = Transform3D(1, 0, 0, 0, 1, 0, 0, 0, 1, -9, 0, -1.5)
use_collision = true
size = Vector3(3, 1, 3)
material = ExtResource("5_agxqc")

[node name="Platform2" type="CSGBox3D" parent="."]
transform = Transform3D(1, 0, 0, 0, 1, 0, 0, 0, 1, -11.0896, -4.50903, -10.3794)
use_collision = true
size = Vector3(24.1792, 9.98193, 14.7588)
material = ExtResource("6_a43n5")

[node name="Platform3" type="CSGBox3D" parent="."]
transform = Transform3D(1, 0, 0, 0, 1, 0, 0, 0, 1, 9, -5, -7)
use_collision = true
size = Vector3(6, 11, 8)
material = ExtResource("6_a43n5")

[node name="Platform4" type="CSGBox3D" parent="."]
transform = Transform3D(1, 0, 0, 0, 1, 0, 0, 0, 1, 9, -5, 7)
use_collision = true
size = Vector3(6, 11, 14)
material = ExtResource("6_a43n5")

[node name="Platform5" type="CSGBox3D" parent="."]
transform = Transform3D(1, 0, 0, 0, 1, 0, 0, 0, 1, -14.6677, -4.53021, 7)
use_collision = true
size = Vector3(17.3354, 9.93958, 14)
material = ExtResource("6_a43n5")

[node name="Platform6" type="CSGBox3D" parent="."]
transform = Transform3D(1, 0, 0, 0, 1, 0, 0, 0, 1, -2.5, -5.06513, 7.00232)
use_collision = true
size = Vector3(7, 11, 13.9954)
material = ExtResource("6_a43n5")

[node name="deco" type="Node3D" parent="."]

[node name="crate" parent="deco" instance=ExtResource("7_rm35f")]
transform = Transform3D(1, 0, 0, 0, 1, 0, 0, 0, 1, -19.8416, 0.481936, -9.26198)

[node name="crate2" parent="deco" instance=ExtResource("7_rm35f")]
transform = Transform3D(0.816823, 0, 0.576889, 0, 1, 0, -0.576889, 0, 0.816823, -20.6828, 0.481936, -10.1248)

[node name="campfire" parent="deco" instance=ExtResource("8_bg2yq")]
transform = Transform3D(1, 0, 0, 0, 1, 0, 0, 0, 1, -16.8584, 0.439576, 5.44258)

[node name="bucket" parent="deco" instance=ExtResource("9_6e45w")]
transform = Transform3D(1, 0, 0, 0, 1, 0, 0, 0, 1, -19.1137, 0.481935, -8.44412)

[node name="fort-gate" parent="deco" instance=ExtResource("10_kkp00")]
transform = Transform3D(1, 0, 0, 0, 1, 0, 0, 0, 1, -14.483, 0.439574, 12.8961)

[node name="guard-tower-L1" parent="deco" instance=ExtResource("11_uma06")]
transform = Transform3D(1, 0, 0, 0, 1, 0, 0, 0, 1, 9.34973, 0.515616, 12.1382)

[node name="guard-tower-L2" parent="deco" instance=ExtResource("12_qt5w0")]
transform = Transform3D(-0.581356, 0, -0.813649, 0, 1, 0, 0.813649, 0, -0.581356, -3.60562, 0.534557, 10.1092)

[node name="tent" parent="deco" instance=ExtResource("13_a2j7o")]
transform = Transform3D(-0.798551, 0, -0.601926, 0, 1, 0, 0.601926, 0, -0.798551, -19.0933, 0.609791, -12.9699)

[node name="fort-fence" parent="deco" instance=ExtResource("14_q5el7")]
transform = Transform3D(0.0666387, -0.00218153, -0.997775, 0.0327191, 0.999465, 0, 0.997241, -0.0326463, 0.0666744, -0.844819, 0.216696, -14.6322)

[node name="fort-fence2" parent="deco" instance=ExtResource("14_q5el7")]
transform = Transform3D(0.0666387, -0.00218153, -0.997775, 0.0327191, 0.999465, 0, 0.997241, -0.0326463, 0.0666744, -0.677891, 0.216696, -12.041)

[node name="fort-fence5" parent="deco" instance=ExtResource("14_q5el7")]
transform = Transform3D(0.996626, -0.0326262, -0.0753094, 0.0327191, 0.999465, -2.32313e-10, 0.0752691, -0.00246406, 0.99716, -1.06985, 0.216696, 0.783899)

[node name="fort-fence3" parent="deco" instance=ExtResource("14_q5el7")]
transform = Transform3D(0.0666387, -0.00218153, -0.997775, 0.0327191, 0.999465, 0, 0.997241, -0.0326463, 0.0666744, 0.157408, 0.216696, 2.4664)

[node name="fort-fence4" parent="deco" instance=ExtResource("14_q5el7")]
transform = Transform3D(-0.999356, 0.0327155, 0.0147649, 0.0327191, 0.999465, -2.32313e-10, -0.014757, 0.000483091, -0.999891, -19.2082, 0.216696, 12.7267)

[node name="fort-fence6" parent="deco" instance=ExtResource("14_q5el7")]
transform = Transform3D(-0.999356, 0.0327155, 0.0147649, 0.0327191, 0.999465, -2.32313e-10, -0.014757, 0.000483091, -0.999891, -10.1701, 0.216696, 12.7267)

[node name="campfire2" parent="deco" instance=ExtResource("8_bg2yq")]
transform = Transform3D(1, 0, 0, 0, 1, 0, 0, 0, 1, -19.5244, 0.481936, -5.31896)

[node name="tnt" parent="deco" instance=ExtResource("15_jlurn")]
transform = Transform3D(-0.0157422, 0, -0.999876, 0, 1, 0, 0.999876, 0, -0.0157422, 10.3875, 0.505525, -5.23306)

[node name="tnt2" parent="deco" instance=ExtResource("15_jlurn")]
transform = Transform3D(-0.0157422, 0, -0.999876, 0, 1, 0, 0.999876, 0, -0.0157422, -2.00064, 0.505525, -10.5948)

[connection signal="body_entered" from="KillPlane" to="." method="_on_kill_plane_body_entered"]
[connection signal="mob_spawned" from="MobSpawner3D" to="." method="_on_mob_spawner_3d_mob_spawned"]
[connection signal="mob_spawned" from="MobSpawner3D2" to="." method="_on_mob_spawner_3d_mob_spawned"]
[connection signal="mob_spawned" from="MobSpawner3D3" to="." method="_on_mob_spawner_3d_mob_spawned"]
